0 0.64921875 0.5989583333333334 0.10703125 0.171875
0 0.7703125 0.6458333333333334 0.12421875 0.19479166666666667
0 0.925 0.7010416666666667 0.15 0.22604166666666667
0 0.5875 0.7875 0.1109375 0.178125
0 0.70390625 0.8697916666666666 0.13125 0.21145833333333333
0 0.859375 0.921875 0.159375 0.15625
0 0.7578125 0.24895833333333334 0.0953125 0.14791666666666667
0 0.88046875 0.25104166666666666 0.11640625 0.16979166666666667
0 0.98125 0.2635416666666667 0.0375 0.165625
0 0.70859375 0.4125 0.10546875 0.16354166666666667
0 0.83046875 0.4375 0.121875 0.17916666666666667
0 0.95390625 0.4666666666666667 0.0921875 0.20416666666666666